820319109262132806
813247426890831637
421878048281521658
583787356691604810
741375877140397624
212564173071663630
742233006101192878
978478100820556896
613669580912682896
978484654430556896
270153072662175623
261957447760979241
261975142490979241
556216136062786499
557284372681802871
820323696792132806
576529244401604812
707160064110222022
477527288571176440
692048998541095241
262361149540979241
795340493011879641
178246124442351265
613678100602682865
912735785091261671
8905277491802471
837916897332038888
584602726491031269
9893315390363692
604647813130825274
695836324011095273
236103618671892002
379125678110388041
683758817420425241
61986078831148841
262386708590979241
658155336211713241
815999099151402858
667748577300533665
607959429162978065
327961272510894471
978490552680556896
667627991050533696
613382533202682899
834139996482132818
174713078442351237
813257912670831637
242134896791892002
978504970610556896
9124823111802441
19143966931915671
73738731542902071
3171000412772059
568988795310963221
629960212590775621
113487851540144074
850693120011126033
3128394370966818
3500426260647223
981624955110562841
39085711661460809
835831480872132822
707166617720222022
477533186821176440
185574604840857688
325268848670396003
379131576360388041
820523397290884841
253132390681680441
182708060211046841
816697057341402858
816689193011402858
253232660781680465
667823943713146865
501177692342215665
993873408143222065
823949045772220065
8143749141802465
139693506711088871
809083740221402874
667888824363146871
668179804213146841
7735582983222041
721996001292170096
3161771751972845
836568002571869696
7021895933171299
613387776092682899
993693839513171299
721734512651651699
3802112203171299
3130270761326492
3791572721972892
477539085071176440
251534622980647288
253671752011680488
59018813552996836
177681204032351237
379137474610388041
813264466280831637
823762186440884841
823754977460884841
823766118610884841
101298647121334841
6388162773171265
6987161823222065
59100078202996865
8683888933222065
61085819041754865
46646272012996865
253678305640647288
253684859250647288
667894722590533671
252067430581680442
60753551511754868
978526597500556896
7746068753222041
22937968652954041
49479393342996841
63451668681754841
925670236191704894
339511132200396096
834690498932132806
64192880891754806
60040519821754806
7430185223171265
7767695643222065
63970058461754865
63981199591754865
817085030521402874
63638446242996865
63986442432996865
67345817861754806
492038963211134449
978539704720556896
63459532942996841
547563233381427271
485774499951065209
379145994310388041
836078551622132822
942903357602298041
379150581840388041
307180585080280488
980947230730974094
319791554690894417
63466086552996841
834707538312132806
242144071851892002
850836111370796822
117755453561960406
117750210680401606
177675305782351237
813271675250831637
118506496201960406
942957752492298041
118251561131960465
118245007500401665
62005289092996871
307323453701038488
479472107552009688
363691622491105688
117199708251960499
116158341180401699
118512394451960406
58027909241754848
602220257761972871
602213704151972871
7757209873171265
117916672141960465
217230581782656041
395454525520966825
117761351811960406
169410928693104006
505715568711988806
485805957241065209
485822341251065209
836091003482132822
118516981981960406
19454239720685228
836084449872132822
836096901732132822
813279539580831637
41116262581764041
62314414201148841
423533199552050888
63833088172996871
460003983371321688
170589266021979299
170717716591979299
170768834681979299
518605619210432401
118277120160401665
118521569511960406
118526812401960406
456106782851278030
117921915010401665
117926502551960465
534934569211692065
485851177111065209
817093550211402874
759853916181178041
41120850111764041
564926034041648422
287203369110797208
227770736702351699
257577308180784094
229016576072351606
231063265392656006
169667174463104006
176405586033104006
552016752651648471
602238607881972871
479527157812009688
535455580441692088
228154777672656041
234028114082351641
228077445182656041
5442170920923658
643861299281038846
234214891692656006
479774883902009641
290429706440797241
290332713140797241
177690379082351237
643179069511038899
891240366091611644
242147348661892002
535464755420432488
479517327402009688
290476892370797241
45076254741729274
903300300831611622
99987558481076074
99994112091076074
60684001321764037
234409533642351606
767651389491178041
817083883570940841
874150666262196041
809866240091402859
649764126881679699
701118136332549699
349011681301712499
242155868361892002
602963436081972896
535125934341692088
723689922760177671
342825738350658441
234090373282656041
315058278461885672
224322805811621669
456513761451278078
346033070271712451
715718778960177637
440236708691322458
651101716711679699
889038479462196041
565038100611648422
903308165171611622
592380149912628888
623209820210831271
345139159161712441
770343690371350071
277402378361276448
502308249661320851
62335385761148841
346754621651712441
169756303431979241
513444126911320841
345959014581712465
346831298780658441
346583572681712441
623215063100831271
62311260181764037
697741721640671237
990678343721810837
816883834961402859
40984658111439622
623223582790831271
72550297610648418
259825193020784094
307198545961885694
515138232531320868
945085399051198422
91460485160413622
611561451580831222
177698243412351237
62423982121764037
999942512901810837
889042411632196041
513450680521320841
513455268062340441
345972777120658465
292079247550398065
173165486221979265
117933056161960465
884251074632196005
749382041621511295
386362613772592899
546349240351281609
789389455480324488
53237043301890071
187162931281138022
999955620121810837
571292098852803633
177703486302351237
889045688442196041
875622809662191637
122600345730467241
816891699291402859
5457899590923658
173225123943104065
345979330730658465
801238794262463274
364350914741105674
122332303460467288
123702661260467288
569896837352803695
644308910171038898
706116567062549698
930459402471682498
798267392011263299
623230791760831271
352614850590658499
569367306442803635
575703327072803699
558004019232803601
575715778912360499
5463142480923658
218769182861580041
930266726611682499
875117527092191699
927016141021652841
347788124180658441
625476608241923699
173864571781088474
627520676063168032
612564705293168032
627639296243168032
627282780441923632
516041318641320865
999961518371810837
177708729192351237
449736499260530437
929875476661682437
606780068741656030
440282583961322458
352543416351712455
626964275471923606
930518384881682498
930578022651682498
930838855941652898
518544793901320841
906335170750638881
626219131093168099
652104028221529672
40241479851439634
632711127421923692
631283753313168006
187199631451138022
62355046581148841
650864476381679637
685184491700407241
686059397280862441
554537820182360441
724296376331686441
575679078712360455
575689564482360455
687478251730407265
724290478092809641
650127196271038874
930115338441682474
631486914923168092
678368747590862498
629412802840831299
626372485381923699
465099223110840020
736755425441686404
724300963862809641
630627082571923697
608865771541330024
684643819690407245
470587863180840020
470594416790840020
187206185061138022
744908759272809626
228418048461580041
889053552782196041
98977361971334841
986930463160876498
44596244712906074
742157557912809641
175782810551088474
739554467932809641
678378578030407298
687577866460407265
609740984441656030
816900218981402859
328020316200466498
739530219602809641
739559710822809641
177721836412351237
663587020811656451
212763381791616489
984428298600876432
94463242280995296
184010649671138070
790955008011923606
187212083311138022
62362255551148841
41158328551439634
889048309892196041
987719516640876474
739566919792809641
98886266970995274
986940293570876498
744942838012809665
573820170451904437
999979213121810837
98468147270995237
609754747021656030
102742405391334855
102749614320995255
88484392981334855
343840051280466449
800034653160369243
140471480350776066
26346352680297651
161476423881156013
341776977980466441
44412088542906041
160671641791156041
229225451991580041
133728399401190043
909121659050663646
924594503691476443
687117803700862498
299785236630939220
746173603881686465
746169016352809665
178350982082351265
609760645271656030
575694807372360455
162020372731156055
161531474131156074
100429271161076059
999986422091810837
456050892980530437
573831966951904437
161713008910776037
742303703202809641
72117002341586481
72122245231586481
746545848381686499
800251944991923699
800394158121923699
465091932171831239
660040437841529694
228223406521580098
